1	1	6683432680
1	2	6656705880
1	3	6680574556
1	4	6641552480
1	5	6654772060
1	6	6657838036
1	7	6655041580
1	8	6649445524
1	9	6656050344
1	10	6662864836
1	11	6661675348
1	12	6659444876
1	13	6659954404
1	14	6665052936
1	15	6656282252
1	16	6666235980
1	17	6664212336
1	18	6663658856
1	19	6667937724
1	20	6683915824
2	1	6656705880
2	2	6629097280
2	3	6653225592
2	4	6614652968
2	5	6628019984
2	6	6631077684
2	7	6628488044
2	8	6622888932
2	9	6629501868
2	10	6636219960
2	11	6635062896
2	12	6633026852
2	13	6633624324
2	14	6638449876
2	15	6629951044
2	16	6639579292
2	17	6637617592
2	18	6637066088
2	19	6641270148
2	20	6656459820
3	1	6680574556
3	2	6653225592
3	3	6676730664
3	4	6638067004
3	5	6651450400
3	6	6654452028
3	7	6651830592
3	8	6646226796
3	9	6652656988
3	10	6659653048
3	11	6658483000
3	12	6656415712
3	13	6656936180
3	14	6662034744
3	15	6653337392
3	16	6663245680
3	17	6661366452
3	18	6660816160
3	19	6665210648
3	20	6681882188
4	1	6641552480
4	2	6614652968
4	3	6638067004
4	4	6599194408
4	5	6612428796
4	6	6615597664
4	7	6612932356
4	8	6607295780
4	9	6613765140
4	10	6620730844
4	11	6619606252
4	12	6617382180
4	13	6618040200
4	14	6623094812
4	15	6614448260
4	16	6624419440
4	17	6622516476
4	18	6622054620
4	19	6626599840
4	20	6643627428
5	1	6654772060
5	2	6628019984
5	3	6651450400
5	4	6612428796
5	5	6625326704
5	6	6628790956
5	7	6625968432
5	8	6620318300
5	9	6627029620
5	10	6633755508
5	11	6632712812
5	12	6630340532
5	13	6631006720
5	14	6636023900
5	15	6627376972
5	16	6637371008
5	17	6635496296
5	18	6635021400
5	19	6639567316
5	20	6656646592
6	1	6657838036
6	2	6631077684
6	3	6654452028
6	4	6615597664
6	5	6628790956
6	6	6631564224
6	7	6629036680
6	8	6623495604
6	9	6629675712
6	10	6636812048
6	11	6635708160
6	12	6633509216
6	13	6633967204
6	14	6639204188
6	15	6630560952
6	16	6640500448
6	17	6638752228
6	18	6638200572
6	19	6642676548
6	20	6660007900
7	1	6655041580
7	2	6628488044
7	3	6651830592
7	4	6612932356
7	5	6625968432
7	6	6629036680
7	7	6626187104
7	8	6620702920
7	9	6627095060
7	10	6634060560
7	11	6632954008
7	12	6630663684
7	13	6631162104
7	14	6636378228
7	15	6627650224
7	16	6637634668
7	17	6635788196
7	18	6635270732
7	19	6639758312
7	20	6656841436
8	1	6649445524
8	2	6622888932
8	3	6646226796
8	4	6607295780
8	5	6620318300
8	6	6623495604
8	7	6620702920
8	8	6614962528
8	9	6621604920
8	10	6628441064
8	11	6627381780
8	12	6625063860
8	13	6625623548
8	14	6630719516
8	15	6622054628
8	16	6631955340
8	17	6630130176
8	18	6629611432
8	19	6634054480
8	20	6651088100
9	1	6656050344
9	2	6629501868
9	3	6652656988
9	4	6613765140
9	5	6627029620
9	6	6629675712
9	7	6627095060
9	8	6621604920
9	9	6627355272
9	10	6634869972
9	11	6633737688
9	12	6631532772
9	13	6631941540
9	14	6637298636
9	15	6628683916
9	16	6638597000
9	17	6636846464
9	18	6636254596
9	19	6640787264
9	20	6658332988
10	1	6662864836
10	2	6636219960
10	3	6659653048
10	4	6620730844
10	5	6633755508
10	6	6636812048
10	7	6634060560
10	8	6628441064
10	9	6634869972
10	10	6641663336
10	11	6640754936
10	12	6638422980
10	13	6638904036
10	14	6644042168
10	15	6635394848
10	16	6645293444
10	17	6643462328
10	18	6642863596
10	19	6647208028
10	20	6664100612
11	1	6661675348
11	2	6635062896
11	3	6658483000
11	4	6619606252
11	5	6632712812
11	6	6635708160
11	7	6632954008
11	8	6627381780
11	9	6633737688
11	10	6640754936
11	11	6639474784
11	12	6637318392
11	13	6637799768
11	14	6642972740
11	15	6634312532
11	16	6644263224
11	17	6642350480
11	18	6641769144
11	19	6646204836
11	20	6662955976
12	1	6659444876
12	2	6633026852
12	3	6656415712
12	4	6617382180
12	5	6630340532
12	6	6633509216
12	7	6630663684
12	8	6625063860
12	9	6631532772
12	10	6638422980
12	11	6637318392
12	12	6634778968
12	13	6635477024
12	14	6640662292
12	15	6631956032
12	16	6641902872
12	17	6640058544
12	18	6639439452
12	19	6643959576
12	20	6660924172
13	1	6659954404
13	2	6633624324
13	3	6656936180
13	4	6618040200
13	5	6631006720
13	6	6633967204
13	7	6631162104
13	8	6625623548
13	9	6631941540
13	10	6638904036
13	11	6637799768
13	12	6635477024
13	13	6635737992
13	14	6641182088
13	15	6632407412
13	16	6642313468
13	17	6640534724
13	18	6639944556
13	19	6644123328
13	20	6660940968
14	1	6665052936
14	2	6638449876
14	3	6662034744
14	4	6623094812
14	5	6636023900
14	6	6639204188
14	7	6636378228
14	8	6630719516
14	9	6637298636
14	10	6644042168
14	11	6642972740
14	12	6640662292
14	13	6641182088
14	14	6646066528
14	15	6637545008
14	16	6647296320
14	17	6645391128
14	18	6644692352
14	19	6648966044
14	20	6664936576
15	1	6656282252
15	2	6629951044
15	3	6653337392
15	4	6614448260
15	5	6627376972
15	6	6630560952
15	7	6627650224
15	8	6622054628
15	9	6628683916
15	10	6635394848
15	11	6634312532
15	12	6631956032
15	13	6632407412
15	14	6637545008
15	15	6628706480
15	16	6638722112
15	17	6636810340
15	18	6636181488
15	19	6640444332
15	20	6656862084
16	1	6666235980
16	2	6639579292
16	3	6663245680
16	4	6624419440
16	5	6637371008
16	6	6640500448
16	7	6637634668
16	8	6631955340
16	9	6638597000
16	10	6645293444
16	11	6644263224
16	12	6641902872
16	13	6642313468
16	14	6647296320
16	15	6638722112
16	16	6648285312
16	17	6646474260
16	18	6645748784
16	19	6649793980
16	20	6665203100
17	1	6664212336
17	2	6637617592
17	3	6661366452
17	4	6622516476
17	5	6635496296
17	6	6638752228
17	7	6635788196
17	8	6630130176
17	9	6636846464
17	10	6643462328
17	11	6642350480
17	12	6640058544
17	13	6640534724
17	14	6645391128
17	15	6636810340
17	16	6646474260
17	17	6644354856
17	18	6643647676
17	19	6647669232
17	20	6662597160
18	1	6663658856
18	2	6637066088
18	3	6660816160
18	4	6622054620
18	5	6635021400
18	6	6638200572
18	7	6635270732
18	8	6629611432
18	9	6636254596
18	10	6642863596
18	11	6641769144
18	12	6639439452
18	13	6639944556
18	14	6644692352
18	15	6636181488
18	16	6645748784
18	17	6643647676
18	18	6642676152
18	19	6646750172
18	20	6661221036
19	1	6667937724
19	2	6641270148
19	3	6665210648
19	4	6626599840
19	5	6639567316
19	6	6642676548
19	7	6639758312
19	8	6634054480
19	9	6640787264
19	10	6647208028
19	11	6646204836
19	12	6643959576
19	13	6644123328
19	14	6648966044
19	15	6640444332
19	16	6649793980
19	17	6647669232
19	18	6646750172
19	19	6650132440
19	20	6663476308
20	1	6683915824
20	2	6656459820
20	3	6681882188
20	4	6643627428
20	5	6656646592
20	6	6660007900
20	7	6656841436
20	8	6651088100
20	9	6658332988
20	10	6664100612
20	11	6662955976
20	12	6660924172
20	13	6660940968
20	14	6664936576
20	15	6656862084
20	16	6665203100
20	17	6662597160
20	18	6661221036
20	19	6663476308
20	20	6670557112
