1	1	37384405192
1	2	20730274408
1	3	20800986167
1	4	20697043849
1	5	20626028657
1	6	20402548288
1	7	20594793558
1	8	21016885361
1	9	21436640587
1	10	20190013258
1	11	20609230570
1	12	20496783285
1	13	20773794704
1	14	20728038219
1	15	20561838752
1	16	20833031562
1	17	20638968594
1	18	20800002215
1	19	20693102347
1	20	20683016517
2	1	20730274408
2	2	5065530930
2	3	5083714687
2	4	5057867044
2	5	5039854705
2	6	4986566378
2	7	5033507595
2	8	5135735520
2	9	5237709112
2	10	4933601096
2	11	5036490801
2	12	5008881808
2	13	5076224467
2	14	5064233933
2	15	5023364783
2	16	5090223475
2	17	5042792716
2	18	5080915899
2	19	5054021425
2	20	5051980752
3	1	20800986167
3	2	5083714687
3	3	5101796490
3	4	5075924968
3	5	5057949142
3	6	5004321824
3	7	5051537477
3	8	5154112373
3	9	5256568038
3	10	4951254371
3	11	5054434821
3	12	5026803425
3	13	5094438156
3	14	5082387933
3	15	5041520451
3	16	5108570438
3	17	5060942530
3	18	5099262090
3	19	5072340149
3	20	5070331004
4	1	20697043849
4	2	5057867044
4	3	5075924968
4	4	5049971874
4	5	5032228914
4	6	4978936928
4	7	5025809680
4	8	5127908951
4	9	5229789464
4	10	4926074381
4	11	5028817822
4	12	5001286375
4	13	5068555490
4	14	5056577772
4	15	5015945097
4	16	5082631285
4	17	5035244635
4	18	5073386821
4	19	5046672687
4	20	5044653163
5	1	20626028657
5	2	5039854705
5	3	5057949142
5	4	5032228914
5	5	5014193386
5	6	4961320638
5	7	5007949535
5	8	5109699688
5	9	5211064413
5	10	4908590549
5	11	5010968537
5	12	4983471880
5	13	5050502420
5	14	5038498188
5	15	4997836194
5	16	5064317126
5	17	5017247777
5	18	5055070299
5	19	5028333386
5	20	5026340568
6	1	20402548288
6	2	4986566378
6	3	5004321824
6	4	4978936928
6	5	4961320638
6	6	4908630038
6	7	4954987423
6	8	5055627696
6	9	5156135462
6	10	4856618556
6	11	4957854448
6	12	4930758425
6	13	4997050555
6	14	4985277889
6	15	4945200016
6	16	5010957027
6	17	4964239805
6	18	5001822776
6	19	4975378461
6	20	4973423139
7	1	20594793558
7	2	5033507595
7	3	5051537477
7	4	5025809680
7	5	5007949535
7	6	4954987423
7	7	5001526518
7	8	5103186544
7	9	5204530654
7	10	4902369248
7	11	5004594760
7	12	4977179212
7	13	5044069793
7	14	5032159306
7	15	4991619068
7	16	5057989071
7	17	5010877714
7	18	5048776604
7	19	5022096896
7	20	5020083364
8	1	21016885361
8	2	5135735520
8	3	5154112373
8	4	5127908951
8	5	5109699688
8	6	5055627696
8	7	5103186544
8	8	5206767974
8	9	5310321241
8	10	5001952719
8	11	5106177616
8	12	5078277250
8	13	5146541747
8	14	5134364727
8	15	5093025413
8	16	5160771359
8	17	5112637513
8	18	5151311750
8	19	5124078443
8	20	5122012701
9	1	21436640587
9	2	5237709112
9	3	5256568038
9	4	5229789464
9	5	5211064413
9	6	5156135462
9	7	5204530654
9	8	5310321241
9	9	5415545654
9	10	5101290951
9	11	5207775234
9	12	5179143845
9	13	5248767966
9	14	5236337570
9	15	5193986628
9	16	5263090535
9	17	5214163162
9	18	5253518181
9	19	5225687911
9	20	5223558272
10	1	20190013258
10	2	4933601096
10	3	4951254371
10	4	4926074381
10	5	4908590549
10	6	4856618556
10	7	4902369248
10	8	5001952719
10	9	5101290951
10	10	4805013116
10	11	4905244798
10	12	4878407637
10	13	4943972089
10	14	4932304482
10	15	4892597040
10	16	4957673521
10	17	4911472183
10	18	4948605014
10	19	4922412281
10	20	4920458978
11	1	20609230570
11	2	5036490801
11	3	5054434821
11	4	5028817822
11	5	5010968537
11	6	4957854448
11	7	5004594760
11	8	5106177616
11	9	5207775234
11	10	4905244798
11	11	5007377398
11	12	4980115873
11	13	5047042303
11	14	5035115330
11	15	4994667776
11	16	5061084210
11	17	5013854721
11	18	5051772808
11	19	5025091155
11	20	5023132751
12	1	20496783285
12	2	5008881808
12	3	5026803425
12	4	5001286375
12	5	4983471880
12	6	4930758425
12	7	4977179212
12	8	5078277250
12	9	5179143845
12	10	4878407637
12	11	4980115873
12	12	4952733724
12	13	5019440032
12	14	5007502819
12	15	4967174113
12	16	5033262440
12	17	4986365168
12	18	5024008663
12	19	4997459865
12	20	4995415845
13	1	20773794704
13	2	5076224467
13	3	5094438156
13	4	5068555490
13	5	5050502420
13	6	4997050555
13	7	5044069793
13	8	5146541747
13	9	5248767966
13	10	4943972089
13	11	5047042303
13	12	5019440032
13	13	5086761068
13	14	5074802309
13	15	5033882928
13	16	5100914034
13	17	5053293713
13	18	5091469569
13	19	5064450908
13	20	5062424899
14	1	20728038219
14	2	5064233933
14	3	5082387933
14	4	5056577772
14	5	5038498188
14	6	4985277889
14	7	5032159306
14	8	5134364727
14	9	5236337570
14	10	4932304482
14	11	5035115330
14	12	5007502819
14	13	5074802309
14	14	5062708544
14	15	5021944871
14	16	5088799708
14	17	5041374132
14	18	5079362516
14	19	5052438955
14	20	5050462845
15	1	20561838752
15	2	5023364783
15	3	5041520451
15	4	5015945097
15	5	4997836194
15	6	4945200016
15	7	4991619068
15	8	5093025413
15	9	5193986628
15	10	4892597040
15	11	4994667776
15	12	4967174113
15	13	5033882928
15	14	5021944871
15	15	4981172900
15	16	5047605984
15	17	5000572612
15	18	5038261893
15	19	5011403753
15	20	5009329582
16	1	20833031562
16	2	5090223475
16	3	5108570438
16	4	5082631285
16	5	5064317126
16	6	5010957027
16	7	5057989071
16	8	5160771359
16	9	5263090535
16	10	4957673521
16	11	5061084210
16	12	5033262440
16	13	5100914034
16	14	5088799708
16	15	5047605984
16	16	5114740910
16	17	5067192787
16	18	5105392227
16	19	5078271726
16	20	5076156841
17	1	20638968594
17	2	5042792716
17	3	5060942530
17	4	5035244635
17	5	5017247777
17	6	4964239805
17	7	5010877714
17	8	5112637513
17	9	5214163162
17	10	4911472183
17	11	5013854721
17	12	4986365168
17	13	5053293713
17	14	5041374132
17	15	5000572612
17	16	5067192787
17	17	5019835388
17	18	5057807195
17	19	5030885982
17	20	5028748351
18	1	20800002215
18	2	5080915899
18	3	5099262090
18	4	5073386821
18	5	5055070299
18	6	5001822776
18	7	5048776604
18	8	5151311750
18	9	5253518181
18	10	4948605014
18	11	5051772808
18	12	5024008663
18	13	5091469569
18	14	5079362516
18	15	5038261893
18	16	5105392227
18	17	5057807195
18	18	5095760572
18	19	5068638086
18	20	5066533470
19	1	20693102347
19	2	5054021425
19	3	5072340149
19	4	5046672687
19	5	5028333386
19	6	4975378461
19	7	5022096896
19	8	5124078443
19	9	5225687911
19	10	4922412281
19	11	5025091155
19	12	4997459865
19	13	5064450908
19	14	5052438955
19	15	5011403753
19	16	5078271726
19	17	5030885982
19	18	5068638086
19	19	5041416354
19	20	5039326052
20	1	20683016517
20	2	5051980752
20	3	5070331004
20	4	5044653163
20	5	5026340568
20	6	4973423139
20	7	5020083364
20	8	5122012701
20	9	5223558272
20	10	4920458978
20	11	5023132751
20	12	4995415845
20	13	5062424899
20	14	5050462845
20	15	5009329582
20	16	5076156841
20	17	5028748351
20	18	5066533470
20	19	5039326052
20	20	5036896210
