1	1	4680114546
1	2	4880943551
1	3	4490065433
1	4	4687155318
1	5	4659282565
1	6	4669785417
1	7	4609844326
1	8	4596485452
1	9	4494156627
1	10	4324335481
1	11	4253424819
1	12	4367868361
1	13	4318897176
1	14	4088122828
1	15	4601251625
1	16	4629321132
1	17	4606659090
1	18	4553909860
1	19	4531590617
1	20	4557882004
2	1	4880943551
2	2	5090027490
2	3	4682352430
2	4	4887727093
2	5	4858429439
2	6	4869341831
2	7	4806700296
2	8	4792695338
2	9	4685953950
2	10	4508856374
2	11	4434930000
2	12	4554231904
2	13	4503155062
2	14	4262465259
2	15	4797422539
2	16	4826711144
2	17	4803011880
2	18	4748004772
2	19	4724739505
2	20	4751998633
3	1	4490065433
3	2	4682352430
3	3	4307066356
3	4	4495934084
3	5	4468829611
3	6	4478822876
3	7	4421136251
3	8	4408161322
3	9	4309971952
3	10	4147011887
3	11	4078958080
3	12	4188644889
3	13	4141594149
3	14	3920120716
3	15	4412084102
3	16	4438972834
3	17	4417022902
3	18	4366380400
3	19	4344837126
3	20	4369995058
4	1	4687155318
4	2	4887727093
4	3	4495934084
4	4	4692804646
4	5	4664397640
4	6	4674786193
4	7	4614452339
4	8	4600863435
4	9	4498301405
4	10	4328238632
4	11	4257132185
4	12	4371583515
4	13	4322474515
4	14	4091327585
4	15	4604677046
4	16	4632702956
4	17	4609694498
4	18	4556790893
4	19	4534206842
4	20	4560301803
5	1	4659282565
5	2	4858429439
5	3	4468829611
5	4	4664397640
5	5	4635661980
5	6	4646021025
5	7	4585826762
5	8	4572184857
5	9	4470094986
5	10	4300965319
5	11	4230211162
5	12	4343694933
5	13	4294808704
5	14	4064912315
5	15	4574721465
5	16	4602340124
5	17	4579186574
5	18	4526366798
5	19	4503548817
5	20	4529148754
6	1	4669785417
6	2	4869341831
6	3	4478822876
6	4	4674786193
6	5	4646021025
6	6	4656243176
6	7	4595940026
6	8	4582146432
6	9	4479865836
6	10	4310276082
6	11	4239303591
6	12	4353042125
6	13	4303984428
6	14	4073641217
6	15	4584428208
6	16	4612098095
6	17	4588799684
6	18	4535848745
6	19	4512927724
6	20	4538418409
7	1	4609844326
7	2	4806700296
7	3	4421136251
7	4	4614452339
7	5	4585826762
7	6	4595940026
7	7	4536200872
7	8	4522599576
7	9	4421600772
7	10	4254140475
7	11	4184042917
7	12	4296216303
7	13	4247775675
7	14	4020350112
7	15	4524336285
7	16	4551527915
7	17	4528391917
7	18	4475999677
7	19	4453168700
7	20	4478079578
8	1	4596485452
8	2	4792695338
8	3	4408161322
8	4	4600863435
8	5	4572184857
8	6	4582146432
8	7	4522599576
8	8	4508730478
8	9	4408031694
8	10	4240973222
8	11	4170995063
8	12	4282701767
8	13	4234342247
8	14	4007539208
8	15	4509732909
8	16	4536730834
8	17	4513449840
8	18	4461162089
8	19	4438219227
8	20	4462824997
9	1	4494156627
9	2	4685953950
9	3	4309971952
9	4	4498301405
9	5	4470094986
9	6	4479865836
9	7	4421600772
9	8	4408031694
9	9	4309353616
9	10	4146095835
9	11	4077603966
9	12	4186676996
9	13	4139350251
9	14	3917547609
9	15	4408335764
9	16	4434582081
9	17	4411705770
9	18	4360424415
9	19	4337782741
9	20	4361553337
10	1	4324335481
10	2	4508856374
10	3	4147011887
10	4	4328238632
10	5	4300965319
10	6	4310276082
10	7	4254140475
10	8	4240973222
10	9	4146095835
10	10	3988776818
10	11	3922821644
10	12	4027671174
10	13	3982048152
10	14	3768651942
10	15	4240599245
10	16	4265766308
10	17	4243579576
10	18	4194131113
10	19	4172199999
10	20	4194874862
11	1	4253424819
11	2	4434930000
11	3	4078958080
11	4	4257132185
11	5	4230211162
11	6	4239303591
11	7	4184042917
11	8	4170995063
11	9	4077603966
11	10	3922821644
11	11	3857787660
11	12	3960831348
11	13	3915891270
11	14	3705957444
11	15	4169849187
11	16	4194447085
11	17	4172418770
11	18	4123678511
11	19	4101857433
11	20	4123884005
12	1	4367868361
12	2	4554231904
12	3	4188644889
12	4	4371583515
12	5	4343694933
12	6	4353042125
12	7	4296216303
12	8	4282701767
12	9	4186676996
12	10	4027671174
12	11	3960831348
12	12	4066338970
12	13	4020127402
12	14	3804439287
12	15	4280447035
12	16	4305448830
12	17	4282583092
12	18	4232278251
12	19	4209456979
12	20	4231452480
13	1	4318897176
13	2	4503155062
13	3	4141594149
13	4	4322474515
13	5	4294808704
13	6	4303984428
13	7	4247775675
13	8	4234342247
13	9	4139350251
13	10	3982048152
13	11	3915891270
13	12	4020127402
13	13	3974291810
13	14	3761077291
13	15	4231484087
13	16	4256094214
13	17	4233337610
13	18	4183429248
13	19	4160708851
13	20	4182218551
14	1	4088122828
14	2	4262465259
14	3	3920120716
14	4	4091327585
14	5	4064912315
14	6	4073641217
14	7	4020350112
14	8	4007539208
14	9	3917547609
14	10	3768651942
14	11	3705957444
14	12	3804439287
14	13	3761077291
14	14	3558980676
14	15	4004029101
14	16	4027151553
14	17	4005375770
14	18	3958044247
14	19	3936202978
14	20	3956097765
15	1	4601251625
15	2	4797422539
15	3	4412084102
15	4	4604677046
15	5	4574721465
15	6	4584428208
15	7	4524336285
15	8	4509732909
15	9	4408335764
15	10	4240599245
15	11	4169849187
15	12	4280447035
15	13	4231484087
15	14	4004029101
15	15	4504248800
15	16	4529964006
15	17	4505090984
15	18	4451496487
15	19	4426425795
15	20	4447950147
16	1	4629321132
16	2	4826711144
16	3	4438972834
16	4	4632702956
16	5	4602340124
16	6	4612098095
16	7	4551527915
16	8	4536730834
16	9	4434582081
16	10	4265766308
16	11	4194447085
16	12	4305448830
16	13	4256094214
16	14	4027151553
16	15	4529964006
16	16	4555472450
16	17	4530144505
16	18	4475913777
16	19	4450144689
16	20	4471083378
17	1	4606659090
17	2	4803011880
17	3	4417022902
17	4	4609694498
17	5	4579186574
17	6	4588799684
17	7	4528391917
17	8	4513449840
17	9	4411705770
17	10	4243579576
17	11	4172418770
17	12	4282583092
17	13	4233337610
17	14	4005375770
17	15	4505090984
17	16	4530144505
17	17	4504439742
17	18	4450155827
17	19	4423895351
17	20	4443721400
18	1	4553909860
18	2	4748004772
18	3	4366380400
18	4	4556790893
18	5	4526366798
18	6	4535848745
18	7	4475999677
18	8	4461162089
18	9	4360424415
18	10	4194131113
18	11	4123678511
18	12	4232278251
18	13	4183429248
18	14	3958044247
18	15	4451496487
18	16	4475913777
18	17	4450155827
18	18	4395968516
18	19	4369453182
18	20	4388088942
19	1	4531590617
19	2	4724739505
19	3	4344837126
19	4	4534206842
19	5	4503548817
19	6	4512927724
19	7	4453168700
19	8	4438219227
19	9	4337782741
19	10	4172199999
19	11	4101857433
19	12	4209456979
19	13	4160708851
19	14	3936202978
19	15	4426425795
19	16	4450144689
19	17	4423895351
19	18	4369453182
19	19	4341998042
19	20	4359001893
20	1	4557882004
20	2	4751998633
20	3	4369995058
20	4	4560301803
20	5	4529148754
20	6	4538418409
20	7	4478079578
20	8	4462824997
20	9	4361553337
20	10	4194874862
20	11	4123884005
20	12	4231452480
20	13	4182218551
20	14	3956097765
20	15	4447950147
20	16	4471083378
20	17	4443721400
20	18	4388088942
20	19	4359001893
20	20	4372106216
